20 20 20
14 14 14 11 20 12 16 03 07 02 05 09 02 12 17 02 10 08 07 14 
07 06 20 12 17 19 17 09 16 13 06 09 06 19 12 18 10 07 20 17 
01 16 05 02 08 13 15 09 12 01 14 10 19 14 02 15 04 18 15 12 
10 20 20 08 10 03 05 20 10 04 08 02 20 04 03 19 16 09 19 07 
01 12 17 19 05 10 05 01 07 19 12 09 10 03 16 20 06 20 19 15 
15 06 08 06 09 10 16 16 10 14 14 10 06 10 09 02 11 13 02 18 
04 13 06 13 08 13 12 13 12 02 19 18 19 06 04 19 07 19 14 16 
05 08 05 02 09 05 03 20 10 17 09 13 01 06 17 08 18 01 20 09 
02 18 18 13 15 01 11 01 12 17 16 16 16 13 17 04 17 11 15 18 
19 15 02 20 20 19 19 17 11 11 17 12 20 15 16 15 07 07 15 10 
15 03 05 10 15 13 05 03 16 20 01 14 06 14 05 06 12 04 14 02 
14 11 06 05 17 13 19 15 19 14 05 13 08 09 14 02 14 19 04 09 
10 16 02 15 10 19 20 13 02 06 07 07 16 04 03 04 16 02 18 07 
07 02 11 14 03 05 15 16 03 10 16 04 18 09 18 07 07 10 11 20 
15 17 18 02 12 01 05 08 02 14 14 08 16 04 13 10 20 19 17 14 
08 12 17 17 20 15 03 19 16 06 18 10 14 08 03 06 08 07 13 01 
12 18 20 19 13 12 08 13 10 04 06 09 07 15 06 19 01 20 17 16 
05 06 17 19 13 19 16 12 17 20 12 08 17 11 07 01 02 06 13 03 
10 11 12 08 05 17 18 05 08 14 12 13 12 08 03 16 06 10 08 14 
09 19 01 17 10 19 17 03 05 02 06 06 12 17 13 08 05 11 04 12 
