100 100 50
44 14 24 31 30 32 46 23 27 02 25 19 22 42 17 32 10 08 47 44 27 16 50 42 27 29 17 49 06 23 36 49 36 09 32 18 40 27 40 17 31 16 35 02 08 03 35 19 12 31 14 40 49 14 32 25 44 48 25 02 20 10 50 08 20 33 25 10 10 14 28 42 30 14 43 39 16 29 09 27 11 22 17 09 35 50 35 31 47 09 32 19 20 33 26 40 16 50 49 25 
15 26 18 46 39 10 36 06 40 44 34 50 16 50 09 02 01 43 32 48 04 13 16 23 48 43 12 13 42 12 39 08 39 06 04 29 17 39 34 06 35 18 05 02 19 15 03 20 10 37 19 13 01 36 37 48 28 01 10 19 12 48 28 03 05 31 31 21 22 17 26 06 36 33 07 04 47 11 25 08 49 45 22 50 30 09 49 07 11 11 27 22 10 05 26 15 37 07 35 10 
25 13 15 10 45 23 15 43 36 40 01 34 36 24 35 16 32 34 24 42 44 01 16 05 07 43 19 45 49 04 05 23 18 19 34 12 44 49 04 29 40 06 12 25 30 49 40 13 32 16 07 27 16 24 33 24 16 02 18 17 07 22 41 24 43 25 35 36 23 40 16 14 48 29 38 27 27 30 41 10 45 47 38 12 22 21 35 38 22 04 04 28 26 44 03 20 20 39 07 44 
28 22 07 27 50 45 03 29 26 46 38 20 44 28 33 16 48 17 03 21 22 08 50 49 03 02 18 23 40 24 16 19 47 25 46 49 21 50 27 46 45 16 17 39 43 49 06 42 17 10 12 38 17 11 37 21 12 06 43 03 30 11 22 28 35 17 28 05 18 04 02 13 22 18 03 16 16 10 08 34 19 19 21 37 30 09 07 43 15 02 46 46 12 17 23 48 35 01 04 02 
06 07 16 29 24 20 45 41 29 02 24 47 22 46 33 03 05 42 46 19 43 43 14 06 09 38 05 45 38 08 48 46 16 14 24 39 33 18 31 14 21 06 12 45 01 47 47 05 38 44 25 30 36 38 37 46 26 41 42 15 50 40 10 15 05 36 05 39 05 35 02 28 42 14 22 42 10 20 49 47 16 23 28 03 13 16 01 40 06 42 04 07 33 16 21 37 01 27 26 05 
13 29 34 04 42 05 47 01 27 45 49 42 20 28 46 32 43 46 21 50 40 26 06 22 41 28 11 43 04 36 50 16 14 33 19 08 40 16 10 16 12 11 09 31 38 04 14 33 02 36 32 41 12 40 14 04 17 24 49 23 11 48 38 27 32 09 34 21 26 43 38 37 05 46 20 43 02 35 27 03 21 10 45 34 49 08 37 16 32 35 40 44 34 27 20 16 37 03 38 12 
48 26 01 02 23 22 46 26 06 22 28 28 32 24 11 32 32 50 49 15 36 38 08 22 15 30 37 01 34 24 15 31 01 15 35 24 36 32 49 43 04 29 21 37 04 33 18 35 32 17 01 20 04 11 41 20 40 29 23 23 04 37 06 05 03 40 30 38 21 30 32 26 10 02 14 14 35 34 50 18 02 01 37 05 11 29 27 02 07 49 24 11 37 31 17 39 20 46 28 43 
25 09 20 37 13 36 50 47 19 49 16 20 01 05 26 13 33 02 14 40 02 40 02 40 20 18 30 42 13 07 34 39 18 05 25 30 40 26 28 10 25 43 29 25 49 05 40 32 08 03 21 12 44 22 03 14 39 33 05 03 39 40 43 08 46 20 37 38 45 16 47 19 11 28 46 09 34 35 40 41 39 12 04 33 35 07 48 25 39 02 27 29 43 22 37 38 41 25 25 35 
43 24 06 03 01 03 13 34 39 05 26 27 16 32 11 03 38 08 27 28 11 06 08 05 27 46 45 19 23 21 03 15 44 08 19 44 12 31 29 50 35 05 29 03 36 39 07 25 49 35 04 11 40 11 16 18 07 10 36 29 30 41 45 26 50 13 21 12 45 50 11 32 06 39 36 43 30 42 19 30 26 22 42 18 34 07 37 40 18 25 20 50 15 14 27 16 28 47 27 23 
46 40 04 03 30 39 47 09 32 15 40 07 38 32 26 22 40 13 11 10 37 33 09 03 48 35 18 26 33 47 50 31 36 03 33 15 43 30 26 24 46 17 32 34 48 08 05 38 22 17 49 08 49 07 12 49 43 29 24 25 25 25 05 12 27 40 29 21 21 04 46 16 20 27 49 20 36 03 09 07 22 07 16 20 15 29 20 07 10 45 33 36 19 40 48 47 31 26 17 01 
31 14 16 50 41 17 19 28 19 29 37 40 35 04 12 49 33 31 07 42 28 42 27 46 33 26 43 13 01 11 13 33 25 30 33 17 46 03 44 17 32 32 06 18 36 19 19 20 02 25 13 29 18 39 24 50 17 18 12 19 29 26 02 05 06 36 21 01 38 16 17 21 48 25 41 35 45 09 04 46 35 16 26 03 06 02 04 22 19 18 43 49 45 44 03 50 29 25 03 18 
41 21 41 38 47 31 24 42 41 27 39 25 44 15 29 49 16 33 23 36 02 15 35 46 08 37 46 38 12 50 05 04 22 47 43 19 27 16 12 17 44 50 44 37 16 22 35 31 06 09 17 07 23 03 03 32 39 50 19 02 01 26 05 22 22 47 40 01 14 03 19 07 03 12 43 18 34 30 01 39 38 19 48 11 21 50 44 11 01 15 15 01 40 21 22 13 18 14 15 33 
16 34 40 20 47 34 40 32 13 42 21 01 10 20 13 32 19 06 44 19 20 08 21 11 29 42 26 48 07 40 30 23 23 21 42 20 05 33 01 17 24 23 19 35 42 31 16 12 39 10 32 10 19 02 23 47 46 48 46 02 37 26 24 12 46 18 31 02 02 33 19 26 08 39 10 01 22 28 13 10 37 46 21 07 50 43 04 45 40 49 46 29 26 22 40 24 41 20 25 42 
04 45 19 11 34 31 12 05 08 26 16 46 23 38 02 22 33 07 18 22 06 16 02 31 39 41 06 29 12 31 22 16 27 43 28 10 23 41 16 30 18 33 25 41 21 28 14 03 35 34 26 40 49 30 22 37 20 30 17 32 10 40 49 38 32 26 48 04 19 15 35 36 50 11 28 22 39 44 26 23 27 01 14 27 30 37 13 02 16 31 33 27 22 33 15 06 10 14 09 28 
28 46 14 29 06 43 50 46 36 25 18 12 28 33 38 09 20 02 10 35 34 44 12 06 26 28 11 36 41 21 13 20 16 28 49 24 21 48 19 08 23 39 20 02 21 09 10 40 13 20 27 46 15 38 01 43 17 13 28 07 36 42 26 03 22 26 26 44 24 47 01 48 35 22 49 05 31 10 45 43 31 23 38 46 10 41 38 26 05 17 34 40 10 11 43 31 37 20 24 12 
16 25 09 50 46 09 07 28 18 03 20 01 25 10 46 36 02 35 13 08 03 46 48 12 06 42 43 42 11 16 03 27 42 13 28 38 23 34 15 43 36 37 43 12 46 40 47 49 26 09 06 28 04 05 39 12 46 33 05 07 49 10 35 42 24 14 31 47 50 46 39 37 34 33 49 31 24 45 29 49 06 36 28 11 41 16 22 36 01 29 44 01 38 30 42 13 46 23 09 45 
20 49 31 03 33 31 35 06 28 13 06 33 50 33 43 40 01 17 28 01 47 23 01 36 05 42 48 50 16 09 44 35 07 26 39 42 09 23 47 36 37 03 18 37 35 12 28 37 30 05 37 26 30 37 11 34 31 09 33 46 17 28 31 25 05 21 16 13 44 15 50 32 17 19 18 03 31 48 40 12 04 28 38 33 15 50 18 45 10 02 40 26 31 22 03 36 43 20 50 38 
34 02 19 50 20 39 05 02 36 46 14 39 23 01 24 39 02 41 33 12 43 25 37 23 48 41 10 42 11 12 29 44 13 50 46 32 38 02 34 23 47 49 13 21 01 36 10 02 27 44 13 21 20 02 43 20 42 05 11 04 16 42 48 28 41 45 11 28 46 46 02 44 44 14 14 44 50 25 48 28 21 10 48 40 11 40 09 03 46 20 06 11 13 05 40 03 49 01 30 46 
48 33 39 44 46 05 39 47 31 36 24 01 46 21 41 06 13 01 10 08 22 18 21 34 24 10 36 25 12 17 20 12 49 11 05 47 17 45 43 47 31 17 50 28 39 42 35 03 42 47 13 14 14 35 49 39 44 37 13 08 03 35 19 04 47 23 50 15 17 42 13 49 10 12 26 01 03 11 05 47 09 19 12 22 03 10 12 47 46 27 04 01 13 22 04 09 46 03 25 14 
46 37 15 08 01 40 10 03 02 14 01 10 33 12 33 35 22 47 33 19 23 36 19 35 09 24 45 06 28 19 22 26 07 36 33 07 25 42 12 29 07 12 40 39 26 25 26 49 21 08 17 43 46 38 29 04 11 25 12 41 45 33 16 01 18 50 10 44 41 23 22 49 36 14 38 11 38 15 09 08 22 28 02 17 15 32 23 27 06 34 19 50 16 34 50 35 33 11 28 25 
33 02 24 19 17 11 29 04 25 40 13 48 17 14 17 33 45 39 11 02 24 30 01 41 13 02 25 48 13 04 22 47 05 45 15 21 07 46 26 33 37 38 33 05 03 49 37 49 37 49 50 12 28 50 02 43 02 26 42 16 29 13 12 36 10 29 08 18 26 36 03 14 23 35 18 28 35 04 28 21 02 28 32 32 29 35 24 32 10 15 47 40 29 11 27 40 41 37 08 18 
22 12 31 46 46 48 25 32 03 03 02 06 30 35 37 08 19 12 42 30 28 40 21 09 02 48 48 44 36 07 11 07 18 43 04 15 42 29 46 46 31 49 02 10 35 40 19 05 04 12 34 31 02 07 41 03 06 39 47 41 45 09 49 13 04 02 29 45 30 25 43 10 25 44 21 10 35 42 14 38 03 50 21 04 06 11 09 11 01 07 03 46 15 01 10 20 02 38 15 32 
14 09 43 41 04 14 50 38 07 15 28 09 14 50 15 21 10 25 33 13 31 35 08 47 37 19 17 39 08 33 22 24 41 16 14 44 31 13 33 37 27 10 48 43 09 14 15 21 38 48 33 18 34 42 16 21 10 32 11 19 16 34 42 06 49 05 01 30 19 34 18 48 45 17 40 06 30 04 28 17 03 12 36 37 03 04 09 14 35 19 32 03 04 26 10 02 30 11 33 49 
46 03 46 42 19 37 47 49 42 26 17 45 37 05 33 41 08 43 04 44 13 38 46 16 13 06 17 44 18 02 42 15 06 39 06 24 25 05 24 17 32 41 13 19 45 47 09 04 39 15 47 01 04 43 16 18 50 34 11 19 37 03 33 42 41 40 16 18 46 41 34 28 31 48 46 27 44 06 30 32 22 29 34 25 21 49 42 22 34 03 40 21 07 22 12 49 13 29 16 09 
20 01 38 02 48 35 31 41 40 12 24 12 40 07 38 10 07 30 33 41 34 22 11 42 45 22 40 08 03 06 18 22 08 05 23 06 39 03 48 30 15 24 43 06 30 31 18 39 12 50 29 47 22 39 38 16 12 27 25 16 34 42 37 42 48 12 49 38 16 48 20 30 21 12 38 03 44 05 41 07 04 19 03 27 09 40 43 22 19 19 38 02 13 26 45 10 37 43 50 03 
43 19 34 13 32 21 17 26 27 07 32 31 27 37 07 37 26 01 11 46 22 48 48 34 25 44 43 12 39 44 16 31 12 01 45 44 22 12 21 48 18 02 30 47 38 39 33 16 41 43 11 12 42 10 45 17 06 40 30 44 35 47 24 47 47 18 42 20 31 14 20 49 15 49 47 05 39 29 22 30 24 34 43 15 46 40 33 01 29 14 44 13 10 19 11 09 38 04 28 19 
17 47 19 34 48 15 40 36 43 11 17 18 46 12 33 41 01 17 41 31 33 36 45 44 04 08 02 44 11 32 14 30 28 32 13 27 46 02 13 40 14 31 10 11 42 42 02 44 10 44 24 42 30 19 38 35 26 39 28 36 20 43 17 50 24 29 26 21 32 40 13 47 21 22 08 14 15 09 08 26 04 31 20 33 01 07 18 26 47 47 14 17 40 30 18 15 11 43 38 44 
35 50 41 05 23 50 20 37 10 27 14 13 10 33 46 10 39 15 38 36 13 01 04 04 32 23 21 42 15 08 36 49 07 28 05 31 27 27 19 36 03 32 50 14 15 45 26 05 11 13 42 26 15 47 29 46 19 49 40 36 08 27 36 16 06 41 46 34 17 14 21 21 46 20 37 12 17 12 18 27 26 10 04 40 06 33 37 27 33 28 12 41 06 47 06 11 39 04 44 07 
17 14 30 14 34 16 25 50 29 43 28 04 04 32 45 11 16 31 37 48 11 48 40 16 47 48 27 37 01 20 44 19 36 23 33 19 40 09 20 20 03 49 23 08 30 19 19 45 49 05 45 11 05 36 27 03 35 03 39 35 24 34 04 11 08 38 31 47 48 50 16 01 49 40 08 30 08 26 27 09 33 23 19 39 08 47 41 43 49 31 29 25 15 34 35 22 21 16 21 19 
17 38 21 17 30 28 47 39 06 23 49 40 45 18 28 04 16 20 48 17 02 27 41 18 10 27 42 33 44 14 03 11 03 23 29 32 02 25 21 09 49 19 48 45 38 27 49 06 48 46 22 02 24 14 19 34 40 10 18 36 25 20 46 28 44 24 09 47 01 31 06 49 02 05 46 41 34 44 46 31 41 17 34 15 30 03 50 22 14 19 07 39 38 04 18 33 29 26 29 29 
09 34 30 10 41 25 02 24 20 48 06 12 16 40 28 46 44 27 19 09 47 25 49 34 28 16 18 06 44 47 37 02 32 16 13 22 42 14 45 11 13 01 24 29 42 02 26 35 30 44 43 27 20 42 12 47 07 30 04 50 26 40 03 07 07 15 31 48 31 25 10 43 27 34 21 18 35 48 04 14 41 47 42 10 40 04 08 46 33 14 48 10 03 50 18 12 17 48 09 47 
25 19 39 01 04 12 21 40 09 24 03 02 22 47 13 11 50 21 09 34 36 06 45 38 07 12 49 23 10 10 19 36 30 10 38 33 21 08 22 29 34 26 32 05 22 45 18 23 17 26 08 02 33 02 41 39 14 40 14 25 01 34 10 30 43 47 12 15 07 35 46 42 12 27 46 34 21 13 08 37 40 16 40 22 17 31 13 32 22 26 06 22 11 17 03 04 16 16 18 24 
50 13 15 11 42 12 46 12 27 06 01 16 21 40 38 39 22 02 23 43 29 28 16 39 47 18 42 14 33 12 37 32 26 03 45 17 14 42 31 40 47 33 06 19 22 45 10 46 48 32 38 26 11 06 14 07 23 08 22 06 21 08 39 46 10 35 15 26 27 47 15 25 29 22 46 02 16 05 47 13 36 37 38 48 42 04 07 14 11 28 21 31 38 10 28 49 44 44 24 22 
40 39 47 18 10 42 22 28 48 18 42 35 04 32 32 45 35 40 11 47 18 31 27 05 42 06 03 38 50 27 09 39 17 07 09 26 50 30 05 47 49 47 33 03 28 17 49 14 06 11 10 23 42 38 29 35 43 34 22 42 10 31 33 28 39 43 03 39 24 08 37 22 06 22 26 35 38 27 48 43 37 09 16 30 46 46 15 38 29 36 32 40 18 16 17 09 10 22 47 33 
31 35 04 36 06 32 20 43 08 19 38 46 27 05 28 24 50 42 13 29 29 46 20 49 11 37 07 20 08 05 04 38 41 10 25 49 41 44 41 50 14 30 45 42 34 22 15 34 15 27 14 46 23 33 44 35 19 02 07 28 06 10 17 46 19 41 44 11 36 37 10 49 16 07 40 02 30 06 35 45 35 50 42 09 32 35 43 03 36 49 30 43 11 49 40 29 39 36 40 25 
24 01 25 41 07 15 42 37 22 28 33 06 27 24 14 09 08 09 13 45 09 44 39 19 42 28 50 31 15 39 07 38 41 31 29 48 45 22 36 19 50 18 24 26 41 38 36 50 48 48 46 06 42 34 25 35 13 24 15 28 14 21 17 04 04 47 03 50 19 38 18 18 05 42 45 47 31 31 46 28 28 41 33 21 26 09 06 41 32 22 20 47 45 36 03 48 33 05 47 03 
43 15 20 49 08 16 46 40 46 43 17 26 36 01 46 11 10 01 03 43 25 22 40 19 10 42 16 42 46 12 46 40 28 17 39 35 32 36 24 28 28 42 03 13 43 50 26 04 03 28 46 27 50 37 45 09 30 12 02 28 23 49 17 03 15 07 39 46 42 13 25 22 06 29 36 50 29 11 03 31 41 01 09 40 39 03 50 19 14 03 46 38 01 14 42 17 21 31 14 14 
45 39 37 50 19 23 02 47 33 06 29 23 06 37 14 47 41 15 15 06 17 10 46 19 25 37 35 45 17 49 11 11 39 47 13 07 19 14 06 04 19 34 28 27 23 44 23 13 08 39 21 27 50 16 45 24 02 32 19 19 30 31 31 18 27 45 26 48 10 31 03 31 17 30 07 39 23 31 03 31 21 23 07 20 38 03 43 40 34 13 10 15 43 42 34 22 39 10 21 48 
40 23 28 06 02 36 46 27 18 49 09 38 21 17 07 11 19 02 50 05 16 11 19 11 04 03 32 42 14 04 40 05 26 19 13 29 07 08 05 24 06 13 12 29 29 20 39 50 23 40 04 39 02 24 49 05 26 32 49 41 35 40 46 12 08 08 40 14 17 45 40 25 09 03 03 40 22 43 39 47 34 42 35 37 17 35 41 43 16 41 35 02 30 30 13 38 39 02 03 06 
48 44 30 07 46 34 46 20 28 36 16 11 29 02 47 45 36 39 39 03 30 24 04 09 03 18 48 44 19 03 49 19 46 30 27 44 13 24 13 40 09 30 02 37 31 48 33 18 38 22 20 17 45 25 28 49 42 25 42 12 29 42 30 27 21 08 20 35 31 34 24 41 13 25 27 45 24 12 14 12 33 33 28 29 09 05 29 50 32 23 13 12 14 43 38 37 50 07 21 33 
42 45 23 06 21 02 50 45 13 13 06 47 47 35 25 07 40 03 06 23 25 19 34 41 13 24 27 14 32 47 46 24 41 19 29 12 20 31 08 34 45 13 30 42 47 04 50 38 08 06 12 33 26 48 23 40 21 49 05 02 47 01 27 40 21 06 01 42 38 08 25 32 22 06 25 20 09 25 08 18 32 19 50 09 16 24 48 38 24 04 42 23 04 18 12 26 25 12 17 12 
21 43 46 44 48 22 13 08 46 22 26 29 41 27 37 08 03 36 48 28 40 39 50 45 08 11 21 33 24 39 46 46 34 43 39 31 15 04 41 10 25 18 39 17 44 27 25 48 13 24 26 04 12 27 48 19 38 20 03 13 09 49 09 42 41 49 24 07 02 14 17 29 33 07 45 27 33 21 26 47 44 01 50 07 30 50 26 17 19 28 29 29 28 39 20 21 38 46 27 41 
11 45 19 44 01 14 22 36 36 47 34 30 50 34 36 29 33 13 47 03 41 27 32 20 16 03 42 03 48 21 45 09 15 14 04 18 29 25 05 14 21 38 45 22 23 31 50 07 43 46 10 35 23 41 07 40 45 48 44 43 18 38 03 35 03 06 04 31 32 08 47 02 45 41 24 20 23 25 26 16 23 37 02 47 29 10 36 24 08 31 16 27 18 20 13 23 27 16 05 08 
23 01 09 20 44 34 39 16 11 16 33 35 03 35 33 31 44 18 04 03 50 21 32 19 42 44 41 18 10 46 25 34 48 36 05 41 21 45 09 33 11 41 17 15 27 49 45 21 18 01 25 17 23 06 38 15 02 28 32 13 25 07 48 23 44 03 15 14 49 23 47 11 16 15 25 42 14 22 14 33 22 39 02 44 46 39 08 49 16 40 11 43 48 11 17 43 13 33 06 13 
06 04 24 21 21 48 14 36 19 28 18 42 16 21 36 13 09 43 12 27 34 24 19 33 34 37 25 48 19 33 11 24 38 36 46 08 33 10 45 04 39 15 45 06 35 32 18 44 27 31 20 12 05 40 45 40 26 21 40 44 05 02 20 45 37 17 04 21 26 49 26 16 13 23 21 47 04 39 40 30 21 11 42 25 50 38 17 27 08 08 21 15 09 40 09 47 06 12 17 34 
10 45 49 22 17 20 21 20 10 12 50 30 23 43 07 24 30 23 01 37 30 21 03 40 12 11 36 17 23 04 02 34 48 01 08 14 22 28 34 31 39 35 12 11 27 18 35 06 42 35 44 23 07 47 12 18 07 49 36 31 03 38 15 50 40 22 16 13 01 01 45 39 35 06 02 13 24 38 18 17 24 13 40 30 11 03 49 20 04 34 50 06 23 16 07 12 39 24 24 39 
24 20 30 10 26 33 22 01 20 41 17 45 04 08 26 16 13 24 35 16 09 37 21 32 02 29 45 41 03 21 31 26 40 12 36 15 44 09 15 15 50 34 09 05 41 34 20 03 09 07 18 18 43 40 49 44 21 43 36 23 13 17 50 05 28 37 19 24 46 36 38 47 19 47 03 11 32 24 14 41 30 33 08 22 25 08 18 45 02 03 17 17 21 18 21 01 05 41 24 02 
26 13 48 46 09 50 07 43 23 22 33 03 04 42 26 30 01 43 24 04 48 42 20 18 10 42 20 14 33 43 15 10 06 14 06 16 13 14 08 37 35 42 41 40 35 17 20 37 11 43 41 08 37 12 26 46 04 45 11 38 40 25 49 47 40 06 14 04 19 24 40 03 17 33 45 02 49 14 40 11 08 30 19 44 44 46 39 49 42 49 38 33 25 36 29 14 42 43 17 12 
18 09 17 34 41 11 37 41 24 27 01 31 08 21 27 01 16 15 49 10 16 38 42 40 24 23 06 17 17 24 28 34 32 44 17 22 04 06 14 29 32 15 12 41 37 38 44 03 04 44 14 19 32 05 11 05 29 16 23 45 39 50 28 21 46 47 44 49 04 08 30 35 24 41 27 10 30 20 14 33 14 27 02 47 34 12 01 12 29 23 07 19 24 36 41 19 34 37 20 37 
44 49 23 17 41 50 28 20 21 42 02 36 20 05 32 03 18 34 15 48 06 23 17 32 10 09 50 44 45 21 30 38 21 05 06 11 06 34 32 26 27 36 12 46 40 45 49 10 29 15 07 34 37 25 17 46 34 19 41 28 39 23 16 10 27 23 22 32 08 06 09 34 41 22 32 32 17 32 41 45 46 48 30 34 22 47 31 05 15 22 33 05 44 50 14 22 24 38 03 32 
43 13 17 33 35 48 16 01 29 07 47 26 06 26 09 27 24 40 34 38 13 18 43 08 19 08 29 42 47 33 23 39 45 40 23 31 39 39 33 18 47 29 45 02 05 04 30 28 45 13 18 09 32 12 16 50 19 46 42 16 30 14 06 24 05 31 07 46 21 39 15 17 18 09 18 24 12 47 03 08 12 20 16 43 31 33 45 02 28 36 19 07 01 26 33 08 06 41 03 28 
29 17 44 48 25 13 21 39 12 24 48 23 45 16 17 26 48 11 29 28 46 49 36 49 24 18 06 32 10 08 09 39 24 03 36 50 15 09 38 28 34 38 50 28 03 19 03 50 29 33 27 27 31 15 25 05 34 32 38 44 39 46 32 14 50 19 13 17 29 03 44 12 40 46 40 42 14 44 43 44 27 22 22 09 36 46 15 19 29 02 12 17 50 45 30 49 16 45 15 44 
47 11 08 36 06 47 29 21 42 21 14 20 42 36 29 27 33 45 46 12 49 07 30 48 04 10 48 19 04 15 12 02 25 21 37 32 17 15 02 11 37 15 30 29 02 10 07 37 05 02 48 03 11 29 50 14 38 47 32 43 13 45 44 37 18 32 18 34 48 19 44 35 36 26 15 39 35 21 25 39 25 24 43 35 03 44 50 42 43 33 35 05 29 30 42 46 14 11 32 11 
32 25 47 17 02 11 07 37 34 32 27 08 07 20 42 09 13 41 01 05 25 37 10 03 18 01 49 31 13 30 44 44 06 40 12 08 03 19 44 36 50 20 43 06 41 36 17 04 28 19 08 02 07 19 04 24 21 02 07 34 33 50 27 39 41 39 48 43 07 43 28 08 14 22 15 05 09 33 08 36 01 17 37 07 36 43 33 06 46 41 39 29 40 18 19 30 08 16 25 14 
10 02 23 23 26 37 27 34 20 36 22 22 03 08 31 40 02 15 47 48 05 38 28 46 05 48 25 12 15 49 27 24 03 49 46 30 37 25 15 06 10 36 30 14 46 10 03 47 24 50 46 28 39 25 23 43 22 49 06 38 50 32 11 04 30 09 33 16 33 49 24 44 35 03 08 30 14 12 28 37 13 24 16 01 50 38 43 22 38 50 09 37 31 22 42 12 30 26 30 12 
25 05 05 09 07 14 40 22 26 17 08 38 40 23 41 40 12 35 13 49 35 23 38 15 44 29 29 23 05 08 36 29 12 43 39 20 06 28 41 31 44 50 21 36 24 11 27 35 45 39 35 29 13 22 46 07 01 24 31 07 33 17 37 44 11 25 15 16 02 07 49 47 06 19 32 29 31 08 13 27 48 47 08 11 21 03 19 23 28 49 29 10 17 15 05 29 41 19 45 44 
25 43 40 30 13 22 10 45 31 24 21 29 20 28 41 42 32 09 14 09 09 44 20 28 10 24 08 50 42 02 43 18 46 33 49 10 06 08 04 36 31 27 16 03 06 06 46 38 16 10 48 27 03 18 06 15 43 13 14 37 17 09 04 12 43 05 24 48 12 29 35 45 05 01 49 11 08 44 50 26 03 49 04 08 18 11 24 11 25 37 49 41 47 02 05 39 08 28 38 22 
06 23 16 13 25 14 25 32 09 24 09 14 22 12 21 42 22 44 02 47 32 50 39 31 03 45 19 13 22 07 34 30 31 49 44 05 14 18 38 22 43 47 37 14 10 07 05 34 02 08 32 36 09 20 16 14 15 36 26 38 44 09 19 26 09 12 30 22 31 18 45 23 16 32 37 25 40 43 08 44 03 39 31 11 11 48 26 25 35 01 14 29 09 33 04 17 46 36 40 27 
05 37 49 20 20 37 46 11 32 04 04 34 44 36 46 04 33 24 30 20 24 46 48 35 28 03 03 25 40 43 03 44 31 02 15 50 40 13 10 21 16 16 06 11 03 04 17 36 27 46 07 50 43 06 36 20 08 39 47 50 33 49 45 13 02 10 14 42 22 25 14 39 42 22 01 45 25 17 32 01 15 38 02 07 43 38 29 02 28 27 01 10 25 46 24 29 07 37 20 30 
13 35 20 05 06 22 49 30 39 30 32 05 19 36 13 11 25 41 12 02 17 15 11 44 12 34 22 20 22 43 01 34 29 20 40 35 41 38 16 31 19 48 37 37 35 50 49 09 40 11 12 09 27 22 04 38 07 27 09 30 19 09 15 47 28 05 33 20 44 49 03 13 48 39 01 34 38 50 42 30 12 03 40 38 26 43 27 34 19 35 13 39 43 29 37 20 33 20 41 27 
20 43 41 19 32 41 02 19 40 43 50 01 47 39 40 24 33 16 07 01 50 21 41 42 49 30 13 34 01 06 12 20 48 02 38 31 44 41 02 34 35 01 36 31 42 28 06 24 43 14 25 45 34 17 38 34 46 03 19 46 08 30 17 07 31 06 38 25 46 41 10 32 43 47 12 34 24 19 08 19 32 34 15 15 50 02 01 48 06 19 45 13 49 14 22 31 19 11 07 17 
01 16 48 43 15 12 27 40 30 36 08 14 19 24 30 20 26 30 19 31 01 14 46 01 29 17 31 47 27 38 15 29 05 15 21 19 28 49 09 07 34 18 22 04 42 02 24 19 31 44 01 33 09 46 33 37 14 14 36 42 03 50 20 07 16 41 28 43 41 38 02 25 05 23 30 48 24 05 18 07 49 21 39 07 16 22 44 32 37 29 23 39 30 43 47 46 35 24 40 25 
11 41 01 18 14 31 17 39 35 35 45 35 05 34 42 22 07 37 05 43 17 28 31 46 22 27 43 06 03 33 32 13 25 33 32 38 15 49 27 49 35 23 36 41 06 29 14 14 15 21 06 31 50 38 28 21 17 23 28 19 05 09 33 29 41 17 19 05 15 47 06 01 19 41 43 27 19 08 40 35 28 46 17 27 35 44 49 01 18 26 21 22 35 06 03 25 22 23 32 38 
19 37 38 37 29 32 13 49 41 03 35 19 50 01 47 36 46 46 37 14 23 09 37 07 14 41 34 35 13 15 24 31 03 11 18 33 44 32 33 35 36 17 05 35 19 03 23 16 48 11 29 23 19 18 29 35 08 14 21 21 28 45 03 32 07 22 16 01 04 50 37 41 18 41 26 36 43 50 02 43 10 32 15 28 01 45 14 11 09 35 31 38 29 35 22 35 07 37 37 12 
39 25 02 06 15 29 42 10 28 45 04 37 28 20 17 31 16 30 41 24 14 23 14 44 07 35 31 15 23 17 26 11 42 28 17 08 06 10 19 36 06 24 22 35 45 38 17 11 20 07 36 35 29 49 29 38 33 09 02 08 27 28 18 20 07 36 28 12 47 48 49 04 22 21 41 18 10 07 28 31 14 14 16 44 12 44 31 47 04 33 04 30 12 23 50 18 11 29 31 09 
28 30 15 01 02 05 19 13 11 46 44 26 11 09 20 23 04 02 21 07 36 24 38 47 48 39 14 10 19 47 19 47 26 33 47 27 39 15 41 49 13 34 27 23 44 48 47 49 49 17 07 35 42 45 33 40 33 49 01 02 45 19 50 20 03 46 48 41 13 40 42 27 26 18 49 19 15 48 20 15 14 26 49 08 20 34 47 05 32 49 08 26 20 07 47 22 04 46 15 18 
35 06 44 10 23 45 31 39 42 02 03 05 27 04 12 49 37 10 05 20 09 12 47 30 20 43 01 23 40 15 43 26 22 36 38 46 30 20 34 21 21 39 28 47 42 39 47 30 01 01 49 11 12 45 40 33 39 42 08 30 09 50 05 30 35 42 28 17 13 11 37 33 01 14 32 44 05 28 23 07 29 23 19 42 19 08 25 09 49 34 38 09 33 45 39 17 38 16 35 01 
28 22 33 31 37 14 24 43 44 49 49 22 21 17 15 42 26 39 02 27 22 40 35 06 36 25 25 23 42 09 23 22 30 06 02 19 21 25 11 14 23 10 37 46 28 02 39 04 42 40 32 16 31 16 21 16 41 45 39 34 06 13 05 37 20 06 05 41 33 16 06 07 27 43 02 06 44 42 09 37 32 42 02 12 08 25 30 50 21 20 33 26 32 40 13 02 45 17 44 29 
34 49 36 12 41 37 18 36 31 28 25 12 20 26 25 27 02 06 28 23 25 12 50 07 01 12 10 48 31 03 26 14 01 11 26 44 50 45 31 32 22 05 43 41 31 19 19 34 27 48 06 01 10 06 09 12 19 18 11 01 22 39 17 23 01 44 18 02 38 48 33 09 03 27 02 35 46 20 18 22 20 26 24 29 33 33 42 03 02 03 04 24 43 20 48 43 13 15 45 50 
12 27 10 16 04 11 50 01 33 20 24 02 45 49 32 29 33 25 31 35 29 34 10 21 05 07 14 17 23 10 16 36 36 26 02 41 38 03 43 20 22 18 23 18 17 04 46 49 29 29 35 09 14 44 30 19 02 45 35 26 04 03 12 39 30 13 32 17 15 26 39 39 44 11 06 12 17 04 12 47 34 49 05 47 44 36 15 46 30 02 21 33 06 32 24 35 46 05 03 13 
32 41 01 27 04 08 38 22 13 02 18 48 50 24 45 43 10 11 38 39 14 11 24 19 44 47 03 42 03 08 04 34 50 06 13 03 15 50 26 30 01 43 27 02 19 21 45 30 34 34 18 47 46 43 18 40 39 22 33 43 29 38 29 29 43 41 33 09 40 09 38 43 03 15 46 23 37 40 02 22 26 22 21 21 14 38 12 05 09 44 47 40 31 25 20 25 15 02 34 07 
12 21 01 17 37 46 39 24 36 41 45 11 14 17 33 27 04 45 31 15 38 30 04 21 04 23 45 21 26 28 27 40 01 27 08 39 24 46 12 09 38 09 21 01 25 04 30 31 50 12 45 39 41 50 09 47 22 04 17 49 33 45 40 35 23 47 24 46 45 37 07 32 47 29 35 24 34 14 04 33 25 50 22 18 49 30 14 22 35 32 20 20 26 12 04 48 08 29 45 02 
18 01 36 14 32 20 39 15 35 44 48 09 43 21 28 41 50 41 14 37 22 36 08 49 47 13 48 04 42 43 08 09 45 43 24 26 12 13 41 48 06 40 08 01 10 36 43 11 28 07 47 50 42 06 50 38 19 48 43 10 40 02 20 34 44 43 12 07 07 02 04 15 43 12 15 02 49 07 14 26 13 11 27 06 16 27 45 36 24 40 45 15 41 16 50 37 09 11 45 17 
12 49 31 06 12 47 07 12 06 21 37 20 33 14 26 50 42 20 36 17 11 32 31 02 48 30 38 08 41 32 24 04 32 07 10 45 05 18 06 10 40 45 30 22 08 05 24 01 26 11 17 37 42 47 40 39 28 29 48 18 10 24 24 44 30 35 40 36 02 48 46 44 42 27 15 01 33 40 01 08 50 17 46 42 15 37 32 42 15 30 12 27 03 37 22 34 23 11 21 24 
08 16 19 49 42 34 49 24 25 01 34 25 19 31 18 33 20 01 27 34 30 40 10 34 28 31 19 50 44 40 25 01 07 44 02 01 27 02 26 03 03 11 27 21 44 44 06 13 47 34 46 26 23 08 12 50 40 32 49 33 23 23 36 32 16 37 32 44 40 09 47 42 20 25 15 13 21 22 27 17 05 22 44 29 31 07 30 21 39 30 05 11 04 40 42 22 28 25 17 18 
34 15 11 05 40 25 19 12 48 45 28 04 18 23 32 49 30 13 21 18 42 25 30 48 17 24 19 46 50 35 15 33 02 26 39 41 02 07 02 02 01 31 05 19 03 37 19 34 01 39 03 43 15 35 40 33 08 10 31 07 46 45 42 47 22 32 39 26 39 42 27 41 22 31 11 27 19 29 12 20 19 15 14 36 49 05 18 08 14 48 16 09 45 07 06 18 39 46 43 29 
38 19 19 09 02 30 37 20 10 49 41 29 13 04 14 13 08 33 20 23 33 35 32 29 44 39 46 34 34 39 14 21 09 32 32 12 13 20 34 23 18 24 03 32 30 18 46 37 02 15 10 36 02 43 14 45 33 10 30 18 50 43 39 08 26 22 20 41 41 03 13 11 28 17 42 07 36 38 46 37 04 05 23 05 49 38 01 31 47 32 48 48 26 38 08 02 11 27 42 02 
31 06 12 10 24 05 17 09 44 12 47 50 18 21 06 18 11 07 50 07 40 47 05 16 37 12 19 47 40 10 50 22 17 13 33 42 20 49 50 15 12 48 14 31 21 20 48 31 28 47 39 19 46 45 34 34 08 02 32 49 13 32 22 31 46 05 22 15 05 23 32 17 23 45 49 43 16 49 25 45 45 13 14 42 08 49 25 17 01 09 16 15 40 37 46 37 43 19 04 48 
42 35 16 14 31 14 08 49 12 32 43 09 46 08 02 05 07 29 22 07 37 39 23 28 27 20 14 20 39 17 17 32 03 34 47 34 49 04 32 13 37 26 21 34 34 24 39 40 02 12 48 38 02 20 15 28 42 29 49 30 47 17 13 50 50 09 35 49 14 16 11 02 43 33 35 26 06 25 17 08 38 14 47 39 36 12 19 27 42 17 06 38 34 18 39 35 28 23 35 41 
40 45 42 35 29 28 10 37 03 27 44 40 42 42 29 27 03 47 05 46 15 10 36 48 29 24 35 08 49 19 48 40 16 41 24 44 19 36 30 21 12 25 12 05 17 42 34 21 40 38 17 05 50 02 04 30 27 38 38 25 09 35 17 24 28 40 17 46 25 49 18 38 23 31 43 41 23 26 12 12 15 28 18 14 31 24 44 07 13 31 34 21 17 50 44 44 41 13 41 16 
11 08 03 35 41 47 26 13 24 37 26 39 16 46 02 46 19 45 04 31 27 39 04 44 38 49 39 29 11 30 46 23 39 48 10 29 47 35 41 20 23 19 08 40 14 10 35 34 06 40 16 33 29 19 26 18 18 14 46 30 45 43 05 34 41 14 12 37 50 05 06 24 25 16 13 40 27 49 23 32 40 38 16 18 07 41 36 26 07 33 05 01 26 11 36 18 26 50 06 27 
06 13 50 30 28 14 19 04 12 41 38 02 30 03 21 36 46 08 13 02 43 18 04 18 30 42 37 06 41 42 32 46 06 34 27 34 47 47 39 11 39 26 12 18 31 34 04 26 42 16 29 34 35 34 03 17 25 41 22 17 34 05 12 39 38 40 24 35 36 13 45 24 40 08 42 20 43 47 45 36 14 23 19 01 09 23 17 33 15 40 50 48 46 13 37 34 03 12 20 40 
24 16 16 14 25 07 35 17 05 30 03 20 04 23 20 12 48 38 47 12 27 46 12 23 10 50 08 14 11 27 04 35 44 19 50 18 27 34 34 33 15 36 02 21 09 24 34 08 11 30 19 40 27 30 14 37 29 21 50 40 49 05 26 42 25 25 09 03 10 42 35 25 30 39 47 40 12 30 47 24 10 17 13 38 47 26 24 27 48 26 18 48 32 43 39 07 19 49 11 29 
43 48 05 22 36 01 13 49 32 09 22 43 25 37 31 23 12 06 02 12 33 19 09 15 14 50 23 32 48 33 12 40 30 16 13 17 18 25 15 50 33 39 42 10 25 24 34 38 30 35 49 14 06 10 28 19 09 02 02 06 35 16 48 16 33 10 35 01 35 01 02 19 39 45 30 15 19 16 03 50 50 03 13 07 12 43 27 22 44 31 30 30 46 27 48 28 36 32 30 22 
32 31 43 23 28 22 39 48 37 41 49 39 46 13 47 09 05 24 31 01 04 10 30 49 38 27 28 25 10 08 47 44 40 41 18 17 12 06 14 01 49 14 41 44 27 37 02 31 10 34 31 15 45 13 15 32 41 43 07 01 50 05 44 41 45 11 08 08 18 23 10 16 37 50 09 13 37 13 45 48 46 28 13 43 40 27 24 32 19 32 32 20 38 27 11 34 39 20 42 07 
42 01 22 30 03 33 44 39 45 39 36 42 18 48 34 09 27 10 40 45 41 24 17 31 02 27 14 41 48 07 49 41 08 22 21 12 04 16 50 48 06 37 42 23 35 25 33 11 36 23 07 29 48 23 09 49 01 24 41 48 31 39 41 40 13 13 01 16 28 50 16 34 36 07 08 22 33 41 34 21 15 41 49 12 15 07 12 18 30 03 17 12 43 07 01 05 19 01 23 47 
02 38 32 40 46 39 11 30 29 47 50 45 39 48 06 05 06 20 22 38 22 39 49 16 47 50 23 16 02 45 14 04 34 45 43 29 35 05 08 16 03 10 10 41 07 18 46 15 37 17 02 10 07 50 25 04 01 47 21 03 43 36 08 26 30 02 06 16 06 16 31 09 25 43 01 31 10 46 45 46 15 48 05 21 48 31 26 50 28 46 04 22 33 11 48 14 12 03 30 20 
18 12 28 42 04 30 25 13 26 21 10 40 19 14 12 18 45 38 17 24 35 23 45 20 33 42 33 45 47 12 14 16 24 43 08 29 22 34 42 49 06 01 40 24 17 02 43 11 41 12 36 27 34 30 46 16 24 29 12 20 42 27 37 17 19 46 46 43 29 37 43 35 39 33 10 05 36 03 17 28 16 02 06 49 34 02 16 07 32 28 28 25 06 14 42 27 10 37 19 40 
25 13 24 15 47 36 20 32 40 38 11 05 40 17 05 23 20 22 31 01 49 08 27 07 23 18 33 34 06 03 24 32 15 49 47 12 34 18 45 23 05 06 29 44 22 35 18 41 07 50 43 07 09 21 13 32 39 45 17 46 47 40 28 12 39 24 25 24 41 21 49 47 26 29 43 49 14 10 41 20 12 35 26 20 06 39 03 46 33 20 41 32 09 20 43 49 45 19 25 37 
39 23 34 17 01 26 15 16 37 06 35 48 42 11 18 47 01 22 42 35 41 35 16 02 04 10 50 01 28 24 37 17 48 20 33 01 47 49 16 34 06 03 33 48 15 50 46 15 22 40 01 14 24 17 15 29 26 17 29 06 42 18 24 40 37 08 42 36 06 09 19 14 11 01 11 25 03 08 41 26 47 42 41 22 08 06 01 35 22 31 40 13 48 13 04 37 20 47 22 28 
06 42 41 16 44 03 41 48 10 31 25 09 22 16 30 31 21 32 16 44 13 05 08 12 20 14 48 41 10 21 20 15 12 10 31 08 14 23 05 26 05 30 34 29 47 15 09 19 47 26 12 09 31 21 22 02 34 20 42 44 40 14 10 04 23 40 11 39 14 17 16 21 48 49 49 44 15 09 12 11 35 25 21 15 46 43 18 29 14 11 24 03 24 34 08 49 25 18 37 39 
37 02 09 34 02 09 28 16 17 41 29 01 16 01 17 11 43 34 41 08 45 15 11 20 50 20 18 24 40 06 14 26 07 24 09 10 32 36 28 01 27 08 01 44 08 18 06 03 03 48 10 49 14 22 19 13 42 36 37 31 42 02 06 50 26 14 12 09 02 39 09 30 46 12 23 05 31 30 07 35 27 17 34 41 38 04 05 31 41 43 11 34 45 18 36 22 32 47 32 35 
37 41 14 32 04 38 36 34 19 43 18 45 11 03 37 48 08 42 29 49 34 41 32 30 09 17 01 42 13 33 26 49 25 41 32 30 30 20 15 48 14 32 42 24 37 31 23 44 24 03 42 07 46 26 39 06 44 41 47 07 25 24 07 49 14 41 30 43 12 44 42 25 28 35 50 14 15 24 09 38 29 03 47 24 28 35 29 21 25 27 29 50 50 38 50 15 30 30 09 41 
23 50 17 50 34 18 15 01 41 24 38 21 26 36 46 05 20 26 27 47 02 06 48 03 45 49 17 24 30 27 16 03 26 32 04 12 49 21 12 41 46 01 14 23 37 09 27 08 37 05 04 40 12 03 43 06 02 11 31 31 40 46 35 15 27 41 26 27 11 39 20 06 40 33 28 26 43 06 33 29 10 39 21 22 41 15 27 42 25 10 25 14 05 09 31 34 01 08 10 11 
47 29 18 36 13 45 13 06 50 47 36 12 35 06 33 26 20 11 19 47 20 45 12 25 04 44 08 04 02 19 17 50 50 34 37 12 31 49 19 32 45 05 43 30 12 25 07 34 38 27 30 07 22 43 33 27 37 42 32 40 11 50 39 12 34 25 23 14 25 44 47 19 50 40 50 11 16 08 44 05 37 25 12 08 20 46 36 08 38 17 47 50 17 37 11 02 11 35 17 35 
28 13 05 27 04 07 40 20 16 33 24 02 10 37 09 29 35 46 38 22 13 34 23 31 22 33 34 32 19 50 18 47 14 24 25 18 32 14 39 48 49 12 49 10 01 08 40 35 03 27 08 17 12 30 49 33 14 32 16 34 31 33 32 45 08 07 14 40 22 02 37 20 15 35 29 15 44 18 01 49 46 08 17 07 39 16 39 04 49 04 38 32 38 19 28 48 25 41 37 49 
42 25 18 06 11 49 23 07 18 25 05 14 33 23 20 23 40 11 27 39 16 14 22 04 34 49 01 09 41 39 07 34 13 26 39 25 26 13 31 44 38 37 09 22 10 28 46 01 40 22 41 06 37 12 09 21 12 11 31 02 49 39 35 13 16 26 39 42 40 20 35 29 06 43 02 17 22 48 20 14 21 10 19 10 24 29 30 35 39 12 39 39 02 25 03 17 50 41 10 42 
12 44 20 20 38 22 36 12 21 05 27 41 17 45 50 40 23 31 26 13 44 14 03 45 41 07 12 40 49 21 33 11 17 03 30 06 26 17 19 48 24 45 40 40 41 42 31 15 24 06 29 18 22 31 12 12 39 25 03 38 48 36 48 14 40 29 21 17 45 42 14 18 36 05 09 29 46 39 43 20 45 22 37 18 04 50 29 43 25 31 30 22 18 29 37 09 09 09 25 03 
50 40 23 38 45 31 16 42 20 08 11 16 31 49 33 35 49 13 27 25 45 08 46 13 38 34 23 48 42 48 02 44 37 24 33 33 07 48 25 28 07 37 45 40 36 29 24 36 41 02 10 37 11 07 01 50 42 24 47 35 21 48 28 09 24 10 42 32 09 18 09 18 06 05 07 41 33 32 28 23 33 39 09 45 47 10 44 38 33 42 25 05 41 02 13 16 14 06 47 24 
25 07 41 31 11 49 23 43 30 03 17 12 41 28 08 40 39 01 27 23 44 03 27 35 05 41 50 20 49 47 45 23 05 36 05 16 36 28 10 16 30 29 29 22 06 37 11 46 37 40 18 33 42 46 17 48 38 16 19 36 14 14 11 19 01 15 36 36 44 45 01 25 25 30 47 32 18 09 27 06 48 46 38 40 41 04 39 29 22 08 16 35 23 26 05 23 43 40 08 38 
